1 2 496
1 3 492
1 4 491
1 5 493
1 6 500
1 7 497
1 8 500
1 9 493
1 10 493
1 11 494
1 12 494
1 13 497
1 14 493
1 15 491
1 16 494
1 17 500
1 18 497
1 19 499
1 20 497
1 21 499
1 22 500
1 23 498
1 24 492
1 25 500
1 26 491
1 27 500
1 28 490
1 29 494
1 30 495
1 31 491
1 32 495
1 33 499
1 34 494
1 35 500
1 36 490
1 37 492
1 38 495
1 39 493
1 40 493
1 41 496
1 42 494
1 43 494
1 44 494
1 45 497
1 46 491
1 47 495
1 48 491
1 49 498
1 50 493
2 3 494
2 4 494
2 5 490
2 6 495
2 7 495
2 8 492
2 9 492
2 10 496
2 11 496
2 12 494
2 13 499
2 14 492
2 15 499
2 16 490
2 17 491
2 18 494
2 19 499
2 20 494
2 21 496
2 22 492
2 23 497
2 24 495
2 25 491
2 26 494
2 27 495
2 28 491
2 29 496
2 30 498
2 31 497
2 32 498
2 33 496
2 34 498
2 35 491
2 36 498
2 37 494
2 38 496
2 39 495
2 40 491
2 41 497
2 42 496
2 43 492
2 44 490
2 45 498
2 46 490
2 47 499
2 48 493
2 49 498
2 50 492
3 4 495
3 5 500
3 6 497
3 7 497
3 8 499
3 9 499
3 10 500
3 11 500
3 12 491
3 13 491
3 14 490
3 15 499
3 16 496
3 17 492
3 18 491
3 19 496
3 20 490
3 21 490
3 22 491
3 23 493
3 24 497
3 25 496
3 26 496
3 27 494
3 28 500
3 29 493
3 30 492
3 31 492
3 32 494
3 33 495
3 34 496
3 35 500
3 36 491
3 37 500
3 38 499
3 39 498
3 40 499
3 41 498
3 42 499
3 43 497
3 44 491
3 45 496
3 46 496
3 47 500
3 48 495
3 49 497
3 50 493
4 5 493
4 6 497
4 7 500
4 8 495
4 9 500
4 10 491
4 11 500
4 12 491
4 13 495
4 14 499
4 15 496
4 16 492
4 17 493
4 18 496
4 19 491
4 20 492
4 21 498
4 22 491
4 23 493
4 24 491
4 25 492
4 26 493
4 27 495
4 28 498
4 29 498
4 30 493
4 31 496
4 32 498
4 33 493
4 34 493
4 35 494
4 36 494
4 37 490
4 38 499
4 39 495
4 40 491
4 41 498
4 42 499
4 43 495
4 44 500
4 45 490
4 46 495
4 47 497
4 48 493
4 49 492
4 50 492
5 6 495
5 7 494
5 8 496
5 9 493
5 10 497
5 11 493
5 12 497
5 13 490
5 14 491
5 15 495
5 16 495
5 17 494
5 18 493
5 19 498
5 20 496
5 21 498
5 22 491
5 23 491
5 24 494
5 25 496
5 26 496
5 27 493
5 28 497
5 29 495
5 30 491
5 31 495
5 32 492
5 33 491
5 34 497
5 35 500
5 36 499
5 37 495
5 38 499
5 39 490
5 40 496
5 41 494
5 42 493
5 43 498
5 44 495
5 45 490
5 46 495
5 47 498
5 48 497
5 49 493
5 50 499
6 7 490
6 8 499
6 9 498
6 10 492
6 11 500
6 12 498
6 13 490
6 14 494
6 15 497
6 16 490
6 17 495
6 18 497
6 19 498
6 20 498
6 21 499
6 22 496
6 23 498
6 24 499
6 25 499
6 26 490
6 27 495
6 28 499
6 29 495
6 30 500
6 31 496
6 32 494
6 33 495
6 34 496
6 35 490
6 36 493
6 37 496
6 38 492
6 39 490
6 40 495
6 41 500
6 42 492
6 43 500
6 44 491
6 45 493
6 46 496
6 47 494
6 48 490
6 49 498
6 50 493
7 8 492
7 9 500
7 10 498
7 11 498
7 12 497
7 13 497
7 14 500
7 15 496
7 16 496
7 17 491
7 18 494
7 19 498
7 20 500
7 21 492
7 22 497
7 23 493
7 24 492
7 25 491
7 26 493
7 27 491
7 28 497
7 29 490
7 30 491
7 31 498
7 32 496
7 33 496
7 34 498
7 35 492
7 36 496
7 37 497
7 38 491
7 39 490
7 40 490
7 41 497
7 42 497
7 43 495
7 44 499
7 45 500
7 46 498
7 47 496
7 48 499
7 49 499
7 50 490
8 9 500
8 10 491
8 11 491
8 12 495
8 13 495
8 14 490
8 15 497
8 16 490
8 17 490
8 18 499
8 19 494
8 20 496
8 21 495
8 22 496
8 23 492
8 24 491
8 25 493
8 26 496
8 27 496
8 28 491
8 29 491
8 30 494
8 31 496
8 32 490
8 33 500
8 34 495
8 35 496
8 36 497
8 37 495
8 38 493
8 39 495
8 40 499
8 41 494
8 42 494
8 43 498
8 44 494
8 45 494
8 46 493
8 47 500
8 48 494
8 49 496
8 50 496
9 10 494
9 11 495
9 12 493
9 13 498
9 14 495
9 15 491
9 16 490
9 17 496
9 18 493
9 19 492
9 20 494
9 21 492
9 22 492
9 23 499
9 24 495
9 25 496
9 26 494
9 27 500
9 28 496
9 29 495
9 30 491
9 31 490
9 32 496
9 33 495
9 34 498
9 35 490
9 36 498
9 37 499
9 38 499
9 39 495
9 40 490
9 41 494
9 42 494
9 43 490
9 44 490
9 45 490
9 46 491
9 47 496
9 48 497
9 49 499
9 50 491
10 11 498
10 12 497
10 13 498
10 14 496
10 15 500
10 16 499
10 17 500
10 18 496
10 19 495
10 20 498
10 21 498
10 22 498
10 23 499
10 24 500
10 25 498
10 26 494
10 27 491
10 28 493
10 29 498
10 30 492
10 31 500
10 32 491
10 33 500
10 34 490
10 35 492
10 36 500
10 37 498
10 38 491
10 39 500
10 40 498
10 41 495
10 42 496
10 43 495
10 44 494
10 45 499
10 46 490
10 47 490
10 48 495
10 49 496
10 50 494
11 12 492
11 13 490
11 14 498
11 15 490
11 16 496
11 17 492
11 18 500
11 19 495
11 20 490
11 21 499
11 22 497
11 23 496
11 24 499
11 25 499
11 26 499
11 27 500
11 28 494
11 29 494
11 30 493
11 31 496
11 32 490
11 33 495
11 34 500
11 35 495
11 36 495
11 37 499
11 38 494
11 39 498
11 40 500
11 41 498
11 42 497
11 43 491
11 44 490
11 45 500
11 46 498
11 47 496
11 48 491
11 49 490
11 50 496
12 13 499
12 14 494
12 15 494
12 16 495
12 17 500
12 18 494
12 19 500
12 20 494
12 21 493
12 22 493
12 23 499
12 24 497
12 25 494
12 26 496
12 27 491
12 28 490
12 29 497
12 30 495
12 31 499
12 32 495
12 33 497
12 34 495
12 35 494
12 36 497
12 37 490
12 38 490
12 39 496
12 40 492
12 41 497
12 42 498
12 43 496
12 44 491
12 45 494
12 46 492
12 47 495
12 48 497
12 49 498
12 50 492
13 14 495
13 15 498
13 16 490
13 17 498
13 18 491
13 19 500
13 20 493
13 21 493
13 22 496
13 23 495
13 24 496
13 25 499
13 26 499
13 27 498
13 28 499
13 29 494
13 30 494
13 31 492
13 32 500
13 33 495
13 34 494
13 35 500
13 36 491
13 37 495
13 38 499
13 39 491
13 40 492
13 41 500
13 42 495
13 43 497
13 44 491
13 45 500
13 46 496
13 47 497
13 48 493
13 49 498
13 50 493
14 15 492
14 16 496
14 17 491
14 18 490
14 19 496
14 20 490
14 21 493
14 22 497
14 23 492
14 24 490
14 25 491
14 26 498
14 27 490
14 28 493
14 29 491
14 30 493
14 31 492
14 32 491
14 33 495
14 34 498
14 35 499
14 36 495
14 37 497
14 38 490
14 39 498
14 40 494
14 41 500
14 42 492
14 43 497
14 44 500
14 45 491
14 46 490
14 47 491
14 48 491
14 49 496
14 50 499
15 16 491
15 17 495
15 18 490
15 19 496
15 20 495
15 21 496
15 22 491
15 23 491
15 24 494
15 25 493
15 26 495
15 27 497
15 28 494
15 29 493
15 30 495
15 31 498
15 32 493
15 33 498
15 34 500
15 35 492
15 36 494
15 37 493
15 38 499
15 39 497
15 40 490
15 41 492
15 42 492
15 43 493
15 44 495
15 45 492
15 46 490
15 47 498
15 48 500
15 49 493
15 50 490
16 17 498
16 18 495
16 19 496
16 20 493
16 21 493
16 22 498
16 23 491
16 24 494
16 25 492
16 26 498
16 27 496
16 28 500
16 29 491
16 30 500
16 31 490
16 32 499
16 33 495
16 34 499
16 35 499
16 36 498
16 37 492
16 38 492
16 39 495
16 40 491
16 41 494
16 42 492
16 43 497
16 44 490
16 45 491
16 46 494
16 47 491
16 48 494
16 49 498
16 50 494
17 18 492
17 19 496
17 20 493
17 21 497
17 22 500
17 23 495
17 24 491
17 25 500
17 26 491
17 27 497
17 28 493
17 29 500
17 30 492
17 31 499
17 32 497
17 33 498
17 34 493
17 35 494
17 36 498
17 37 499
17 38 499
17 39 500
17 40 499
17 41 491
17 42 500
17 43 499
17 44 500
17 45 499
17 46 495
17 47 493
17 48 493
17 49 492
17 50 496
18 19 497
18 20 500
18 21 495
18 22 495
18 23 493
18 24 498
18 25 500
18 26 499
18 27 491
18 28 490
18 29 500
18 30 490
18 31 490
18 32 499
18 33 494
18 34 495
18 35 494
18 36 491
18 37 497
18 38 495
18 39 491
18 40 495
18 41 493
18 42 500
18 43 499
18 44 493
18 45 493
18 46 498
18 47 500
18 48 496
18 49 498
18 50 497
19 20 490
19 21 496
19 22 499
19 23 497
19 24 492
19 25 491
19 26 491
19 27 494
19 28 490
19 29 500
19 30 490
19 31 491
19 32 496
19 33 497
19 34 499
19 35 498
19 36 494
19 37 500
19 38 500
19 39 499
19 40 498
19 41 492
19 42 494
19 43 495
19 44 496
19 45 491
19 46 494
19 47 494
19 48 499
19 49 496
19 50 497
20 21 490
20 22 492
20 23 495
20 24 497
20 25 494
20 26 497
20 27 494
20 28 497
20 29 491
20 30 499
20 31 494
20 32 495
20 33 496
20 34 500
20 35 493
20 36 496
20 37 495
20 38 500
20 39 492
20 40 496
20 41 495
20 42 500
20 43 492
20 44 491
20 45 499
20 46 490
20 47 491
20 48 496
20 49 491
20 50 499
21 22 499
21 23 490
21 24 491
21 25 495
21 26 498
21 27 491
21 28 490
21 29 495
21 30 497
21 31 498
21 32 496
21 33 498
21 34 491
21 35 499
21 36 493
21 37 496
21 38 493
21 39 491
21 40 495
21 41 495
21 42 497
21 43 496
21 44 490
21 45 492
21 46 494
21 47 497
21 48 494
21 49 494
21 50 490
22 23 491
22 24 500
22 25 495
22 26 497
22 27 492
22 28 491
22 29 499
22 30 495
22 31 500
22 32 491
22 33 494
22 34 497
22 35 491
22 36 495
22 37 494
22 38 490
22 39 495
22 40 496
22 41 493
22 42 500
22 43 491
22 44 491
22 45 496
22 46 494
22 47 497
22 48 498
22 49 496
22 50 497
23 24 495
23 25 495
23 26 493
23 27 500
23 28 497
23 29 493
23 30 494
23 31 499
23 32 499
23 33 497
23 34 494
23 35 499
23 36 499
23 37 494
23 38 491
23 39 497
23 40 495
23 41 496
23 42 500
23 43 498
23 44 493
23 45 499
23 46 492
23 47 492
23 48 491
23 49 498
23 50 500
24 25 500
24 26 497
24 27 500
24 28 498
24 29 496
24 30 491
24 31 491
24 32 492
24 33 492
24 34 499
24 35 496
24 36 493
24 37 497
24 38 491
24 39 491
24 40 495
24 41 498
24 42 497
24 43 497
24 44 496
24 45 499
24 46 496
24 47 498
24 48 490
24 49 490
24 50 496
25 26 491
25 27 500
25 28 491
25 29 495
25 30 495
25 31 491
25 32 491
25 33 495
25 34 493
25 35 494
25 36 490
25 37 492
25 38 490
25 39 499
25 40 490
25 41 494
25 42 490
25 43 492
25 44 499
25 45 495
25 46 497
25 47 500
25 48 494
25 49 496
25 50 492
26 27 493
26 28 492
26 29 490
26 30 491
26 31 492
26 32 499
26 33 496
26 34 499
26 35 495
26 36 497
26 37 493
26 38 491
26 39 495
26 40 490
26 41 494
26 42 494
26 43 500
26 44 499
26 45 500
26 46 493
26 47 494
26 48 494
26 49 500
26 50 499
27 28 491
27 29 500
27 30 492
27 31 495
27 32 496
27 33 491
27 34 492
27 35 496
27 36 493
27 37 495
27 38 500
27 39 492
27 40 498
27 41 496
27 42 498
27 43 498
27 44 499
27 45 499
27 46 499
27 47 492
27 48 500
27 49 496
27 50 500
28 29 497
28 30 494
28 31 494
28 32 497
28 33 499
28 34 493
28 35 497
28 36 499
28 37 493
28 38 498
28 39 491
28 40 498
28 41 492
28 42 493
28 43 497
28 44 500
28 45 493
28 46 494
28 47 496
28 48 495
28 49 493
28 50 499
29 30 496
29 31 491
29 32 495
29 33 491
29 34 496
29 35 493
29 36 500
29 37 499
29 38 491
29 39 493
29 40 494
29 41 490
29 42 493
29 43 495
29 44 495
29 45 498
29 46 497
29 47 492
29 48 495
29 49 495
29 50 497
30 31 500
30 32 496
30 33 492
30 34 490
30 35 491
30 36 499
30 37 496
30 38 493
30 39 494
30 40 490
30 41 495
30 42 495
30 43 491
30 44 495
30 45 500
30 46 497
30 47 493
30 48 493
30 49 492
30 50 498
31 32 498
31 33 497
31 34 499
31 35 491
31 36 498
31 37 500
31 38 499
31 39 494
31 40 495
31 41 494
31 42 498
31 43 496
31 44 496
31 45 495
31 46 497
31 47 495
31 48 491
31 49 490
31 50 495
32 33 498
32 34 499
32 35 497
32 36 500
32 37 498
32 38 492
32 39 497
32 40 494
32 41 493
32 42 499
32 43 495
32 44 494
32 45 491
32 46 500
32 47 498
32 48 499
32 49 496
32 50 493
33 34 494
33 35 499
33 36 493
33 37 500
33 38 492
33 39 496
33 40 499
33 41 500
33 42 498
33 43 498
33 44 491
33 45 497
33 46 491
33 47 498
33 48 491
33 49 496
33 50 491
34 35 496
34 36 498
34 37 490
34 38 499
34 39 496
34 40 499
34 41 500
34 42 490
34 43 491
34 44 494
34 45 490
34 46 497
34 47 493
34 48 497
34 49 497
34 50 497
35 36 494
35 37 496
35 38 497
35 39 498
35 40 491
35 41 499
35 42 497
35 43 495
35 44 497
35 45 496
35 46 492
35 47 498
35 48 491
35 49 497
35 50 493
36 37 490
36 38 493
36 39 491
36 40 496
36 41 498
36 42 497
36 43 499
36 44 493
36 45 494
36 46 496
36 47 494
36 48 494
36 49 494
36 50 490
37 38 496
37 39 495
37 40 490
37 41 494
37 42 497
37 43 496
37 44 494
37 45 493
37 46 499
37 47 492
37 48 490
37 49 490
37 50 490
38 39 490
38 40 491
38 41 494
38 42 496
38 43 496
38 44 492
38 45 496
38 46 500
38 47 498
38 48 492
38 49 499
38 50 490
39 40 497
39 41 491
39 42 490
39 43 494
39 44 491
39 45 500
39 46 492
39 47 500
39 48 498
39 49 492
39 50 495
40 41 497
40 42 490
40 43 490
40 44 494
40 45 490
40 46 490
40 47 492
40 48 499
40 49 499
40 50 500
41 42 499
41 43 496
41 44 492
41 45 496
41 46 494
41 47 499
41 48 492
41 49 492
41 50 492
42 43 495
42 44 495
42 45 494
42 46 500
42 47 494
42 48 499
42 49 495
42 50 491
43 44 493
43 45 500
43 46 493
43 47 500
43 48 498
43 49 498
43 50 491
44 45 490
44 46 499
44 47 490
44 48 490
44 49 497
44 50 495
45 46 493
45 47 495
45 48 495
45 49 492
45 50 494
46 47 495
46 48 493
46 49 498
46 50 490
47 48 492
47 49 497
47 50 490
48 49 498
48 50 493
49 50 495
/