1 2 10
1 3 1
1 4 4
1 5 1
1 6 6
1 7 3
1 8 3
1 9 3
1 10 1
1 11 4
1 12 6
1 13 10
1 14 8
1 15 5
1 16 7
1 17 5
1 18 4
1 19 5
1 20 9
2 3 2
2 4 7
2 5 5
2 6 5
2 7 8
2 8 8
2 9 8
2 10 8
2 11 7
2 12 7
2 13 4
2 14 6
2 15 8
2 16 9
2 17 5
2 18 10
2 19 1
2 20 1
3 4 8
3 5 4
3 6 6
3 7 7
3 8 1
3 9 3
3 10 9
3 11 7
3 12 8
3 13 10
3 14 4
3 15 2
3 16 5
3 17 10
3 18 5
3 19 9
3 20 4
4 5 6
4 6 6
4 7 7
4 8 2
4 9 7
4 10 6
4 11 7
4 12 1
4 13 6
4 14 10
4 15 1
4 16 5
4 17 3
4 18 7
4 19 9
4 20 2
5 6 8
5 7 8
5 8 3
5 9 8
5 10 2
5 11 4
5 12 4
5 13 10
5 14 2
5 15 6
5 16 4
5 17 10
5 18 8
5 19 7
5 20 2
6 7 4
6 8 4
6 9 3
6 10 5
6 11 3
6 12 8
6 13 5
6 14 7
6 15 9
6 16 1
6 17 1
6 18 1
6 19 7
6 20 9
7 8 3
7 9 8
7 10 9
7 11 4
7 12 3
7 13 6
7 14 1
7 15 10
7 16 8
7 17 1
7 18 5
7 19 7
7 20 7
8 9 9
8 10 1
8 11 2
8 12 7
8 13 10
8 14 10
8 15 10
8 16 2
8 17 5
8 18 1
8 19 8
8 20 10
9 10 9
9 11 7
9 12 9
9 13 10
9 14 10
9 15 10
9 16 4
9 17 3
9 18 9
9 19 6
9 20 1
10 11 7
10 12 3
10 13 10
10 14 3
10 15 10
10 16 7
10 17 9
10 18 8
10 19 10
10 20 4
11 12 2
11 13 10
11 14 3
11 15 8
11 16 3
11 17 4
11 18 6
11 19 9
11 20 4
12 13 3
12 14 4
12 15 4
12 16 6
12 17 7
12 18 10
12 19 1
12 20 8
13 14 10
13 15 6
13 16 4
13 17 8
13 18 10
13 19 3
13 20 7
14 15 8
14 16 4
14 17 7
14 18 1
14 19 3
14 20 1
15 16 10
15 17 2
15 18 6
15 19 4
15 20 7
16 17 8
16 18 8
16 19 8
16 20 1
17 18 5
17 19 6
17 20 8
18 19 1
18 20 1
19 20 9
/
15
6